1100.21
803.63
806.19
779.35
775.40
779.72
811.21
813.56
783.42
780.35
773.71
775.48
804.75
775.05
776.17
788.27
784.19
781.44
783.33
779.94
805.82
803.65
802.53
772.94
773.95
763.05
765.42
771.79
774.19
774.08
776.06
776.62
778.95
774.31
809.40
804.39
808.25
810.73
815.40
784.34
809.73
810.73
811.31
800.31
805.37
802.43
803.23
802.32
804.45
799.03
798.31
771.74
772.50
769.98
801.72
804.40
783.32
809.77
811.66
803.78
803.88
800.77
797.46
800.35
798.63
812.50
774.57
799.95
792.82
797.99
794.06
768.64
771.31
772.46
771.96
769.78
773.54
768.94
764.59
763.59
766.73
766.26
794.16
795.88
793.93
796.46
790.76
792.05
787.62
790.97
791.93
788.36
790.03
794.31
793.48
790.43
794.08
792.86
786.38
785.75
786.43
790.39
789.94
792.18
790.65
792.89
792.17
791.48
792.40
788.55
787.21
791.04
783.94
782.32
786.90
784.80
788.43
784.74
789.95
785.25
759.28
758.43
791.25
790.31
790.50
784.27
786.51
787.95
785.85
790.78
794.31
790.64
788.29
784.78
786.81
788.27
781.12
781.72
779.73
783.25
783.45
775.98
777.88
783.02
780.42
781.50
785.56
789.44
789.21
790.31
793.06
792.89
802.53
798.09
800.43
799.43
793.79
792.71
796.71
796.62
788.31
794.76
793.63
798.17
796.38
802.67
804.47
799.98
799.27
798.74
790.57
787.68
792.24
